{
  "advancedEditorSelectedIdentifier" : "ProjectBrowser",
  "openSceneRelativePaths" : [
    "WebbScene.usda",
    "ISSScene2.usda",
    "expressScene.usda",
    "expressScene2.usda",
    "falconScene.usda",
    "tieScene.usda"
  ],
  "recentIdentifiers" : {
    "2D918535-5825-4832-9962-7DE5E45B7FA8" : [

    ],
    "5FCD34F7-89CC-461E-8459-DD4CE690513D" : [

    ],
    "8CA85D81-9705-4F61-890D-CE5D9F451DD1" : [

    ],
    "25B006AF-958B-47BB-BEA3-17DB05D662D5" : [

    ],
    "30B0CF06-0FBB-483A-8E68-2200B96AABAA" : [

    ],
    "64BC2CA6-448A-4ECB-8FB2-258127369B3C" : [

    ],
    "085D33D1-D8A6-4937-B76F-27C47F37B305" : [

    ],
    "241A2DE9-53ED-4F10-A253-7DEE8C301F60" : [

    ],
    "896E6FC0-8B2D-4610-9C63-7561E6746E02" : [

    ],
    "2670BA1B-9A3E-439E-A745-EFBC96C7530F" : [

    ],
    "69379334-F951-442A-A3FC-91C2C4E93EFC" : [

    ],
    "AF09ED6F-1707-48FD-8720-65B998362C09" : [

    ],
    "BC543EDD-6B63-4F47-A9B7-D615C7BACBA7" : [

    ],
    "D66134B1-3681-4A8E-AFE5-29F257229F3B" : [

    ]
  },
  "sceneCameraHistory" : {
    "2D918535-5825-4832-9962-7DE5E45B7FA8" : [
      {
        "date" : 734312071.47328,
        "title" : "Untitled",
        "transform" : [
          0.99999994,
          0,
          0,
          0,
          0,
          0.8660254,
          -0.49999994,
          0,
          0,
          0.49999994,
          0.8660254,
          0,
          0.10476601,
          0.26415524,
          0.48759985,
          1
        ]
      },
      {
        "date" : 734312067.361808,
        "title" : "Untitled",
        "transform" : [
          0.99999994,
          0,
          0,
          0,
          0,
          0.8660254,
          -0.49999994,
          0,
          0,
          0.49999994,
          0.8660254,
          0,
          0,
          0.7424511,
          1.2859629,
          1
        ]
      },
      {
        "date" : 734312060.395187,
        "title" : "Untitled",
        "transform" : [
          0.99999994,
          0,
          0,
          0,
          0,
          0.8660254,
          -0.49999994,
          0,
          0,
          0.49999994,
          0.8660254,
          0,
          0,
          1.0237154,
          1.7731271,
          1
        ]
      },
      {
        "date" : 734312051.931482,
        "title" : "Untitled",
        "transform" : [
          0.99999994,
          0,
          0,
          0,
          0,
          0.8660254,
          -0.49999994,
          0,
          0,
          0.49999994,
          0.8660254,
          0,
          0,
          0.3051752,
          0.52857894,
          1
        ]
      },
      {
        "date" : 734312050.048744,
        "title" : "Untitled",
        "transform" : [
          0.99999994,
          0,
          -0,
          0,
          -0,
          0.8660254,
          -0.49999994,
          0,
          0,
          0.49999994,
          0.8660254,
          0,
          0,
          0.25456315,
          0.44091633,
          1
        ]
      }
    ],
    "3EB502F2-52E9-4BC6-8327-D75265A34761" : [
      {
        "date" : 734305022.353366,
        "title" : "Untitled",
        "transform" : [
          0.99999994,
          0,
          0,
          0,
          0,
          0.8660254,
          -0.49999988,
          0,
          0,
          0.49999988,
          0.8660254,
          0,
          0,
          0.75543773,
          1.3084565,
          1
        ]
      },
      {
        "date" : 732493210.123094,
        "title" : "Untitled",
        "transform" : [
          0.99999994,
          0,
          -0,
          0,
          -0,
          0.8660254,
          -0.49999988,
          0,
          0,
          0.49999988,
          0.8660254,
          0,
          0,
          0.2047605,
          0.35465562,
          1
        ]
      }
    ],
    "5FCD34F7-89CC-461E-8459-DD4CE690513D" : [
      {
        "date" : 733784595.844707,
        "title" : "Untitled",
        "transform" : [
          0.42336127,
          -8.512453e-10,
          0.90596104,
          0,
          0.33525434,
          0.9290102,
          -0.15666643,
          0,
          -0.841647,
          0.37005386,
          0.39330688,
          0,
          -0.8818928,
          0.39404565,
          0.08180056,
          1
        ]
      },
      {
        "date" : 733784590.072022,
        "title" : "Untitled",
        "transform" : [
          0.99999994,
          0,
          0,
          0,
          0,
          0.8660254,
          -0.49999994,
          0,
          0,
          0.49999994,
          0.8660254,
          0,
          -0.29925105,
          0.50999856,
          0.76814604,
          1
        ]
      },
      {
        "date" : 733784584.582957,
        "title" : "Untitled",
        "transform" : [
          0.99999994,
          0,
          0,
          0,
          0,
          0.8660254,
          -0.49999994,
          0,
          0,
          0.49999994,
          0.8660254,
          0,
          -0.17252406,
          0.432982,
          0.8126115,
          1
        ]
      },
      {
        "date" : 733784582.856261,
        "title" : "Untitled",
        "transform" : [
          0.99999994,
          0,
          0,
          0,
          0,
          0.8660254,
          -0.49999994,
          0,
          0,
          0.49999994,
          0.8660254,
          0,
          -0.015436298,
          0.47065583,
          0.79086053,
          1
        ]
      },
      {
        "date" : 733784558.919804,
        "title" : "Untitled",
        "transform" : [
          0.99999994,
          0,
          0,
          0,
          0,
          0.8660254,
          -0.49999994,
          0,
          0,
          0.49999994,
          0.8660254,
          0,
          -0.075913414,
          2.3146152,
          3.8893342,
          1
        ]
      },
      {
        "date" : 733784550.827438,
        "title" : "Untitled",
        "transform" : [
          0.99999994,
          0,
          0,
          0,
          0,
          0.8660254,
          -0.49999994,
          0,
          0,
          0.49999994,
          0.8660254,
          0,
          -1.6098801,
          3.266461,
          5.537982,
          1
        ]
      },
      {
        "date" : 733784545.867017,
        "title" : "Untitled",
        "transform" : [
          0.99999994,
          0,
          0,
          0,
          0,
          0.8660254,
          -0.49999994,
          0,
          0,
          0.49999994,
          0.8660254,
          0,
          0.017630886,
          2.1575959,
          3.7841337,
          1
        ]
      },
      {
        "date" : 733784532.756556,
        "title" : "Untitled",
        "transform" : [
          0.99999994,
          0,
          -0,
          0,
          -0,
          0.8660254,
          -0.49999994,
          0,
          0,
          0.49999994,
          0.8660254,
          0,
          0,
          0.25456315,
          0.44091633,
          1
        ]
      }
    ],
    "7B247E28-B9D6-4284-9A55-AC7F0C67ECA8" : [
      {
        "date" : 734305650.046861,
        "title" : "Untitled",
        "transform" : [
          0.99999994,
          0,
          0,
          0,
          0,
          0.8660254,
          -0.49999994,
          0,
          0,
          0.49999994,
          0.8660254,
          0,
          0,
          0.56316304,
          0.975427,
          1
        ]
      },
      {
        "date" : 734305210.47787,
        "title" : "Untitled",
        "transform" : [
          0.99999994,
          0,
          -0,
          0,
          -0,
          0.8660254,
          -0.49999994,
          0,
          0,
          0.49999994,
          0.8660254,
          0,
          0,
          0.25456315,
          0.44091633,
          1
        ]
      }
    ],
    "8CA85D81-9705-4F61-890D-CE5D9F451DD1" : [
      {
        "date" : 734311843.792865,
        "title" : "Untitled",
        "transform" : [
          0.9753843,
          0.00031040708,
          0.22051145,
          0,
          0.0974794,
          0.89637756,
          -0.43244067,
          0,
          -0.19779578,
          0.44329122,
          0.8742824,
          0,
          -0.56414306,
          0.81290567,
          1.2291102,
          1
        ]
      },
      {
        "date" : 734311839.638123,
        "title" : "Untitled",
        "transform" : [
          0.9753843,
          0.00031040708,
          0.22051145,
          0,
          0.0974794,
          0.89637756,
          -0.43244067,
          0,
          -0.19779578,
          0.44329122,
          0.8742824,
          0,
          -1.38259,
          2.647177,
          4.8467436,
          1
        ]
      },
      {
        "date" : 734308571.490715,
        "title" : "Untitled",
        "transform" : [
          0.9753843,
          0.00031040708,
          0.22051145,
          0,
          0.0974794,
          0.89637756,
          -0.43244067,
          0,
          -0.19779578,
          0.44329122,
          0.8742824,
          0,
          -0.37323377,
          0.3850537,
          0.38526338,
          1
        ]
      },
      {
        "date" : 734305673.194422,
        "title" : "Untitled",
        "transform" : [
          0.9753843,
          0.00031040708,
          0.22051145,
          0,
          0.0974794,
          0.89637756,
          -0.43244067,
          0,
          -0.19779578,
          0.44329122,
          0.8742824,
          0,
          0.020601593,
          0.38517907,
          0.47430027,
          1
        ]
      },
      {
        "date" : 734305667.160463,
        "title" : "Untitled",
        "transform" : [
          0.9753843,
          0.00031040708,
          0.22051145,
          0,
          0.0974794,
          0.89637756,
          -0.43244067,
          0,
          -0.19779578,
          0.44329122,
          0.8742824,
          0,
          -0.6486525,
          1.0916939,
          1.7879244,
          1
        ]
      },
      {
        "date" : 734305653.714566,
        "title" : "Untitled",
        "transform" : [
          0.9753843,
          0.00031040708,
          0.22051145,
          0,
          0.0974794,
          0.89637756,
          -0.43244067,
          0,
          -0.19779578,
          0.44329122,
          0.8742824,
          0,
          -0.03834131,
          0.48382637,
          0.6654942,
          1
        ]
      },
      {
        "date" : 734305191.09971,
        "title" : "Untitled",
        "transform" : [
          0.9753843,
          0.00031040708,
          0.22051145,
          0,
          0.0974794,
          0.89637756,
          -0.43244067,
          0,
          -0.19779578,
          0.44329122,
          0.8742824,
          0,
          -0.12797107,
          0.31123117,
          0.2875292,
          1
        ]
      },
      {
        "date" : 734305183.55699,
        "title" : "Untitled",
        "transform" : [
          0.9753843,
          0.00031040708,
          0.22051145,
          0,
          0.0974794,
          0.89637756,
          -0.43244067,
          0,
          -0.19779578,
          0.44329122,
          0.8742824,
          0,
          -0.3228376,
          1.0164642,
          1.7054327,
          1
        ]
      },
      {
        "date" : 734305128.261036,
        "title" : "Untitled",
        "transform" : [
          0.9753843,
          0.00031040708,
          0.22051145,
          0,
          0.0974794,
          0.89637756,
          -0.43244067,
          0,
          -0.19779578,
          0.44329122,
          0.8742824,
          0,
          -0.087450504,
          0.48892426,
          0.6649924,
          1
        ]
      },
      {
        "date" : 733783916.988151,
        "title" : "Untitled",
        "transform" : [
          0.9753843,
          0.00031040708,
          0.22051145,
          0,
          0.0974794,
          0.89637756,
          -0.43244067,
          0,
          -0.19779578,
          0.44329122,
          0.8742824,
          0,
          -0.06889111,
          0.861168,
          1.4407747,
          1
        ]
      }
    ],
    "25B006AF-958B-47BB-BEA3-17DB05D662D5" : [
      {
        "date" : 733785466.143971,
        "title" : "Untitled",
        "transform" : [
          0.99999994,
          0,
          0,
          0,
          0,
          0.8660254,
          -0.49999994,
          0,
          0,
          0.49999994,
          0.8660254,
          0,
          0,
          0.36341432,
          0.62945205,
          1
        ]
      },
      {
        "date" : 733785241.528407,
        "title" : "Untitled",
        "transform" : [
          0.99999994,
          0,
          0,
          0,
          0,
          0.8660254,
          -0.49999994,
          0,
          0,
          0.49999994,
          0.8660254,
          0,
          0,
          0.40913314,
          0.70863944,
          1
        ]
      },
      {
        "date" : 733785240.271122,
        "title" : "Untitled",
        "transform" : [
          0.99999994,
          0,
          -0,
          0,
          -0,
          0.8660254,
          -0.49999994,
          0,
          0,
          0.49999994,
          0.8660254,
          0,
          0,
          0.25456315,
          0.44091633,
          1
        ]
      }
    ],
    "30B0CF06-0FBB-483A-8E68-2200B96AABAA" : [
      {
        "date" : 734306199.431184,
        "title" : "Untitled",
        "transform" : [
          0.9601563,
          -1.996213e-09,
          0.27946377,
          0,
          0.07864397,
          0.9595876,
          -0.2701978,
          0,
          -0.26816994,
          0.28141028,
          0.92135406,
          0,
          0.0748513,
          0.6214573,
          0.96818656,
          1
        ]
      },
      {
        "date" : 732496278.399637,
        "title" : "Untitled",
        "transform" : [
          0.53515816,
          -1.8255752e-09,
          0.84475195,
          0,
          0.1667737,
          0.98031837,
          -0.10565268,
          0,
          -0.82812583,
          0.19742331,
          0.52462536,
          0,
          -0.6268586,
          0.54059666,
          0.80249655,
          1
        ]
      },
      {
        "date" : 732496271.61406,
        "title" : "Untitled",
        "transform" : [
          0.53515816,
          -1.8255752e-09,
          0.84475195,
          0,
          0.1667737,
          0.98031837,
          -0.10565268,
          0,
          -0.82812583,
          0.19742331,
          0.52462536,
          0,
          -0.6268586,
          0.54059666,
          0.80249655,
          1
        ]
      },
      {
        "date" : 732496267.721639,
        "title" : "Untitled",
        "transform" : [
          0.53515816,
          -1.8255752e-09,
          0.84475195,
          0,
          0.1667737,
          0.98031837,
          -0.10565268,
          0,
          -0.82812583,
          0.19742331,
          0.52462536,
          0,
          -0.6268586,
          0.54059666,
          0.80249655,
          1
        ]
      },
      {
        "date" : 732496266.447737,
        "title" : "Untitled",
        "transform" : [
          0.53515816,
          -2.778621e-08,
          0.84475195,
          0,
          0.16677372,
          0.98031837,
          -0.10565266,
          0,
          -0.82812583,
          0.19742331,
          0.52462536,
          0,
          -0.6268586,
          0.54059666,
          0.80249655,
          1
        ]
      },
      {
        "date" : 732496256.06622,
        "title" : "Untitled",
        "transform" : [
          0.68763554,
          2.1762353e-05,
          0.7260559,
          0,
          0.03450066,
          0.9988693,
          -0.032704923,
          0,
          -0.7252358,
          0.047538474,
          0.68685734,
          0,
          -0.84450155,
          0.06905974,
          0.13088876,
          1
        ]
      },
      {
        "date" : 732495835.819803,
        "title" : "Untitled",
        "transform" : [
          -0.8547644,
          4.3771484e-05,
          0.5190162,
          0,
          -0.0961641,
          0.9826721,
          -0.1584549,
          0,
          -0.51002973,
          -0.18535234,
          -0.83994895,
          0,
          -1.0639833,
          0.47720984,
          -0.3191792,
          1
        ]
      },
      {
        "date" : 732495748.332076,
        "title" : "Untitled",
        "transform" : [
          0.9678323,
          3.2773566e-09,
          -0.25159612,
          0,
          -0.08410948,
          0.9424655,
          -0.32354978,
          0,
          0.23712064,
          0.33430356,
          0.91214854,
          0,
          0.2421159,
          0.4234473,
          1.158795,
          1
        ]
      },
      {
        "date" : 732495739.670146,
        "title" : "Untitled",
        "transform" : [
          0.33009976,
          1.8151294e-08,
          -0.943946,
          0,
          -0.30970022,
          0.9446462,
          -0.10830278,
          0,
          0.891695,
          0.328091,
          0.31182748,
          0,
          1.5915003,
          -0.19405815,
          1.3200148,
          1
        ]
      },
      {
        "date" : 732495542.478171,
        "title" : "Untitled",
        "transform" : [
          0.3300998,
          1.8151296e-08,
          -0.9439461,
          0,
          -0.30970022,
          0.9446462,
          -0.10830278,
          0,
          0.8916949,
          0.32809097,
          0.31182745,
          0,
          1.4601488,
          0.80367,
          0.64586,
          1
        ]
      }
    ],
    "64BC2CA6-448A-4ECB-8FB2-258127369B3C" : [
      {
        "date" : 734309207.111187,
        "title" : "Untitled",
        "transform" : [
          0.99999994,
          0,
          0,
          0,
          0,
          0.8660254,
          -0.49999994,
          0,
          0,
          0.49999994,
          0.8660254,
          0,
          -0.015574649,
          0.36171812,
          0.52270484,
          1
        ]
      },
      {
        "date" : 734308911.553604,
        "title" : "Untitled",
        "transform" : [
          0.99999994,
          0,
          0,
          0,
          0,
          0.8660254,
          -0.49999994,
          0,
          0,
          0.49999994,
          0.8660254,
          0,
          -0.015574649,
          0.27212843,
          0.3675309,
          1
        ]
      },
      {
        "date" : 734308898.908992,
        "title" : "Untitled",
        "transform" : [
          0.99999994,
          0,
          0,
          0,
          0,
          0.8660254,
          -0.49999994,
          0,
          0,
          0.49999994,
          0.8660254,
          0,
          -0.02865212,
          1.3141242,
          1.7835107,
          1
        ]
      },
      {
        "date" : 734308866.1296,
        "title" : "Untitled",
        "transform" : [
          0.99999994,
          0,
          -0,
          0,
          -0,
          0.8660254,
          -0.49999994,
          0,
          0,
          0.49999994,
          0.8660254,
          0,
          0,
          0.25456315,
          0.44091633,
          1
        ]
      }
    ],
    "085D33D1-D8A6-4937-B76F-27C47F37B305" : [
      {
        "date" : 733782253.521646,
        "title" : "Untitled",
        "transform" : [
          0.99563813,
          -3.4900619e-10,
          -0.09329874,
          0,
          -0.023225343,
          0.96852016,
          -0.2478494,
          0,
          0.090361714,
          0.24893524,
          0.9642956,
          0,
          0.7322086,
          2.698949,
          6.913048,
          1
        ]
      },
      {
        "date" : 733354698.335928,
        "title" : "Untitled",
        "transform" : [
          0.995638,
          -3.4900616e-10,
          -0.09329873,
          0,
          -0.023225341,
          0.96852005,
          -0.24784938,
          0,
          0.09036171,
          0.24893521,
          0.9642955,
          0,
          0.3637147,
          0.16962978,
          0.68618566,
          1
        ]
      },
      {
        "date" : 733350832.333066,
        "title" : "Untitled",
        "transform" : [
          0.99999994,
          0,
          0,
          0,
          0,
          0.8660254,
          -0.49999988,
          0,
          0,
          0.49999988,
          0.8660254,
          0,
          0.3021402,
          0.3407109,
          0.6192223,
          1
        ]
      },
      {
        "date" : 733350830.031864,
        "title" : "Untitled",
        "transform" : [
          0.99999994,
          0,
          0,
          0,
          0,
          0.8660254,
          -0.49999988,
          0,
          0,
          0.49999988,
          0.8660254,
          0,
          0.2897447,
          0.6965565,
          1.2222779,
          1
        ]
      },
      {
        "date" : 733350816.912177,
        "title" : "Untitled",
        "transform" : [
          0.99999994,
          0,
          -0,
          0,
          -0,
          0.8660254,
          -0.49999988,
          0,
          0,
          0.49999988,
          0.8660254,
          0,
          0.275,
          1.1198413,
          1.9396236,
          1
        ]
      },
      {
        "date" : 733350802.141211,
        "title" : "Untitled",
        "transform" : [
          0.99999994,
          0,
          -0,
          0,
          -0,
          0.8660254,
          -0.49999988,
          0,
          0,
          0.49999988,
          0.8660254,
          0,
          0,
          0.26286858,
          0.45530182,
          1
        ]
      }
    ],
    "178F9A21-35FA-43E2-941C-1ACC6387B525" : [
      {
        "date" : 728259708.702774,
        "title" : "Untitled",
        "transform" : [
          0.99999994,
          0,
          -0,
          0,
          -0,
          0.8660255,
          -0.49999988,
          0,
          0,
          0.49999988,
          0.8660255,
          0,
          0,
          0.22098888,
          0.382764,
          1
        ]
      }
    ],
    "241A2DE9-53ED-4F10-A253-7DEE8C301F60" : [
      {
        "date" : 733782340.525824,
        "title" : "Untitled",
        "transform" : [
          -0.3480173,
          -7.940709e-09,
          -0.9374881,
          0,
          -0.6288105,
          0.7416928,
          0.23342907,
          0,
          0.6953282,
          0.67073977,
          -0.25812185,
          0,
          5.770546,
          4.969716,
          1.0685465,
          1
        ]
      },
      {
        "date" : 733782276.46526,
        "title" : "Untitled",
        "transform" : [
          -0.3480173,
          -7.940709e-09,
          -0.9374881,
          0,
          -0.6288105,
          0.7416928,
          0.23342907,
          0,
          0.6953282,
          0.67073977,
          -0.25812185,
          0,
          5.24588,
          4.1206527,
          2.3530037,
          1
        ]
      },
      {
        "date" : 733782257.538983,
        "title" : "Untitled",
        "transform" : [
          0.96982515,
          -4.6684917e-10,
          -0.24380131,
          0,
          -0.039958004,
          0.9864776,
          -0.15895025,
          0,
          0.24050456,
          0.16389577,
          0.9567109,
          0,
          -0.40097973,
          1.1461169,
          5.9712143,
          1
        ]
      },
      {
        "date" : 733354317.80976,
        "title" : "Untitled",
        "transform" : [
          0.96982515,
          -4.6684917e-10,
          -0.24380131,
          0,
          -0.039958004,
          0.9864776,
          -0.15895025,
          0,
          0.24050456,
          0.16389577,
          0.9567109,
          0,
          -0.38878828,
          1.1112702,
          5.7896647,
          1
        ]
      },
      {
        "date" : 733354312.141756,
        "title" : "Untitled",
        "transform" : [
          0.26622096,
          -3.8729148e-10,
          0.96391207,
          0,
          -0.03163907,
          0.9994611,
          0.008738332,
          0,
          -0.9633926,
          -0.032823607,
          0.2660775,
          0,
          -5.9038663,
          0.0066864146,
          -0.22497086,
          1
        ]
      },
      {
        "date" : 733354309.069643,
        "title" : "Untitled",
        "transform" : [
          0.26622096,
          -3.8729148e-10,
          0.96391207,
          0,
          -0.03163907,
          0.9994611,
          0.008738332,
          0,
          -0.9633926,
          -0.032823607,
          0.2660775,
          0,
          -12.097808,
          0.013701353,
          -0.46099526,
          1
        ]
      },
      {
        "date" : 733354244.369095,
        "title" : "Untitled",
        "transform" : [
          0.26622096,
          -3.8729148e-10,
          0.96391207,
          0,
          -0.03163907,
          0.9994611,
          0.008738332,
          0,
          -0.9633926,
          -0.032823607,
          0.2660775,
          0,
          -99.92741,
          0.11317262,
          -3.8078024,
          1
        ]
      },
      {
        "date" : 733352416.444213,
        "title" : "Untitled",
        "transform" : [
          0.26622096,
          -3.8729148e-10,
          0.96391207,
          0,
          -0.03163907,
          0.9994611,
          0.008738332,
          0,
          -0.9633926,
          -0.032823607,
          0.2660775,
          0,
          -1.2967428,
          0.001468624,
          -0.049413275,
          1
        ]
      },
      {
        "date" : 733352414.556514,
        "title" : "Untitled",
        "transform" : [
          0.26622096,
          -3.8729148e-10,
          0.96391207,
          0,
          -0.03163907,
          0.9994611,
          0.008738332,
          0,
          -0.9633926,
          -0.032823607,
          0.2660775,
          0,
          -1.282388,
          0.0019577078,
          -0.05337793,
          1
        ]
      },
      {
        "date" : 733352348.660251,
        "title" : "Untitled",
        "transform" : [
          0.9935069,
          -0.00038087182,
          0.11377165,
          0,
          0.013140497,
          0.99368626,
          -0.1114224,
          0,
          -0.11301097,
          0.112193994,
          0.9872391,
          0,
          -0.37354043,
          0.022197751,
          2.0690806,
          1
        ]
      }
    ],
    "736E8AF7-A5AB-4C6E-B1B6-937846A5F5D3" : [
      {
        "date" : 732493368.669794,
        "title" : "Untitled",
        "transform" : [
          0.99999994,
          0,
          -0,
          0,
          -0,
          0.8660254,
          -0.49999988,
          0,
          0,
          0.49999988,
          0.8660254,
          0,
          0,
          0.2047605,
          0.35465562,
          1
        ]
      }
    ],
    "896E6FC0-8B2D-4610-9C63-7561E6746E02" : [
      {
        "date" : 734305072.104835,
        "title" : "Untitled",
        "transform" : [
          0.99999994,
          0,
          0,
          0,
          0,
          0.8660254,
          -0.49999988,
          0,
          0,
          0.49999988,
          0.8660254,
          0,
          2.1979387,
          3.0122185,
          7.589725,
          1
        ]
      },
      {
        "date" : 733784179.42376,
        "title" : "Untitled",
        "transform" : [
          0.99999994,
          0,
          0,
          0,
          0,
          0.8660254,
          -0.49999988,
          0,
          0,
          0.49999988,
          0.8660254,
          0,
          3.4048693,
          3.9154258,
          9.154116,
          1
        ]
      },
      {
        "date" : 733784171.391177,
        "title" : "Untitled",
        "transform" : [
          0.99999994,
          0,
          0,
          0,
          0,
          0.8660254,
          -0.49999988,
          0,
          0,
          0.49999988,
          0.8660254,
          0,
          2.6292765,
          5.034797,
          8.507847,
          1
        ]
      },
      {
        "date" : 733782409.540856,
        "title" : "Untitled",
        "transform" : [
          0.99999994,
          0,
          0,
          0,
          0,
          0.8660254,
          -0.49999988,
          0,
          0,
          0.49999988,
          0.8660254,
          0,
          -0.180786,
          5.322026,
          8.342015,
          1
        ]
      },
      {
        "date" : 733782406.674337,
        "title" : "Untitled",
        "transform" : [
          0.99999994,
          0,
          0,
          0,
          0,
          0.8660254,
          -0.49999988,
          0,
          0,
          0.49999988,
          0.8660254,
          0,
          -0.00042759586,
          4.942699,
          8.56102,
          1
        ]
      },
      {
        "date" : 733782389.690825,
        "title" : "Untitled",
        "transform" : [
          0.99999994,
          0,
          0,
          0,
          0,
          0.8660254,
          -0.49999988,
          0,
          0,
          0.49999988,
          0.8660254,
          0,
          -0.00042759586,
          4.3175163,
          7.478174,
          1
        ]
      },
      {
        "date" : 733782382.157606,
        "title" : "Untitled",
        "transform" : [
          0.99999994,
          0,
          0,
          0,
          0,
          0.8660254,
          -0.49999988,
          0,
          0,
          0.49999988,
          0.8660254,
          0,
          -0.00042759586,
          11.503021,
          19.92382,
          1
        ]
      },
      {
        "date" : 733782366.8545,
        "title" : "Untitled",
        "transform" : [
          0.99999994,
          0,
          -0,
          0,
          -0,
          0.8660254,
          -0.49999988,
          0,
          0,
          0.49999988,
          0.8660254,
          0,
          0,
          0.26286858,
          0.45530182,
          1
        ]
      }
    ],
    "2670BA1B-9A3E-439E-A745-EFBC96C7530F" : [
      {
        "date" : 734313006.935594,
        "title" : "Untitled",
        "transform" : [
          0.99999994,
          0,
          0,
          0,
          0,
          0.8660254,
          -0.49999994,
          0,
          0,
          0.49999994,
          0.8660254,
          0,
          0.000113878865,
          0.3296412,
          0.56875014,
          1
        ]
      },
      {
        "date" : 734312997.583933,
        "title" : "Untitled",
        "transform" : [
          0.99999994,
          0,
          0,
          0,
          0,
          0.8660254,
          -0.49999994,
          0,
          0,
          0.49999994,
          0.8660254,
          0,
          0,
          0.2846746,
          0.49307093,
          1
        ]
      },
      {
        "date" : 734312996.318582,
        "title" : "Untitled",
        "transform" : [
          0.99999994,
          0,
          -0,
          0,
          -0,
          0.8660254,
          -0.49999994,
          0,
          0,
          0.49999994,
          0.8660254,
          0,
          0,
          0.25456315,
          0.44091633,
          1
        ]
      }
    ],
    "409424FA-2E49-4F85-A3EF-45FAAF07B86D" : [
      {
        "date" : 728262784.406917,
        "title" : "Untitled",
        "transform" : [
          0.99999994,
          0,
          -0,
          0,
          -0,
          0.8660254,
          -0.49999988,
          0,
          0,
          0.49999988,
          0.8660254,
          0,
          0,
          0.2365277,
          0.409678,
          1
        ]
      }
    ],
    "69379334-F951-442A-A3FC-91C2C4E93EFC" : [
      {
        "date" : 734312811.270459,
        "title" : "Untitled",
        "transform" : [
          0.9981067,
          -8.5829415e-06,
          -0.061506256,
          0,
          -0.009518938,
          0.98793,
          -0.15460859,
          0,
          0.060765203,
          0.15490134,
          0.9860595,
          0,
          -0.18331252,
          0.56573266,
          1.5345839,
          1
        ]
      },
      {
        "date" : 734312795.09896,
        "title" : "Untitled",
        "transform" : [
          0.9981067,
          -8.5829415e-06,
          -0.061506256,
          0,
          -0.009518938,
          0.98793,
          -0.15460859,
          0,
          0.060765203,
          0.15490134,
          0.9860595,
          0,
          -0.18801674,
          0.55374074,
          1.4582461,
          1
        ]
      },
      {
        "date" : 734312475.8568,
        "title" : "Untitled",
        "transform" : [
          0.99999994,
          0,
          0,
          0,
          0,
          0.8660254,
          -0.49999994,
          0,
          0,
          0.49999994,
          0.8660254,
          0,
          0,
          0.80564016,
          1.3954097,
          1
        ]
      },
      {
        "date" : 734312470.273044,
        "title" : "Untitled",
        "transform" : [
          0.99999994,
          0,
          0,
          0,
          0,
          0.8660254,
          -0.49999994,
          0,
          0,
          0.49999994,
          0.8660254,
          0,
          0,
          1.8210045,
          3.1540725,
          1
        ]
      },
      {
        "date" : 734312429.109778,
        "title" : "Untitled",
        "transform" : [
          0.99999994,
          0,
          -0,
          0,
          -0,
          0.8660254,
          -0.49999994,
          0,
          0,
          0.49999994,
          0.8660254,
          0,
          0,
          0.25456315,
          0.44091633,
          1
        ]
      }
    ],
    "AF09ED6F-1707-48FD-8720-65B998362C09" : [
      {
        "date" : 728262762.108272,
        "title" : "Untitled",
        "transform" : [
          0.99201375,
          1.1281438e-08,
          0.12612979,
          0,
          -0.023116322,
          0.98306185,
          0.18181035,
          0,
          -0.123993434,
          -0.18327399,
          0.9752109,
          0,
          0.044900846,
          0.4355702,
          1.7844326,
          1
        ]
      },
      {
        "date" : 728262634.532491,
        "title" : "Untitled",
        "transform" : [
          0.9999982,
          1.087472e-08,
          0.0018846641,
          0,
          0.0004582615,
          0.96998674,
          -0.24315736,
          0,
          -0.001828163,
          0.24315782,
          0.969985,
          0,
          0.085136205,
          0.73743814,
          0.6452981,
          1
        ]
      },
      {
        "date" : 728262589.981346,
        "title" : "Untitled",
        "transform" : [
          0.9999982,
          1.087472e-08,
          0.0018846641,
          0,
          0.0004582615,
          0.96998674,
          -0.24315736,
          0,
          -0.001828163,
          0.24315782,
          0.969985,
          0,
          0.11485253,
          0.8085271,
          0.79788506,
          1
        ]
      },
      {
        "date" : 728260474.39469,
        "title" : "Untitled",
        "transform" : [
          0.9999982,
          1.087472e-08,
          0.0018846641,
          0,
          0.0004582615,
          0.96998674,
          -0.24315736,
          0,
          -0.001828163,
          0.24315782,
          0.969985,
          0,
          -0.00054336153,
          0.532471,
          0.20535216,
          1
        ]
      },
      {
        "date" : 728260407.16623,
        "title" : "Untitled",
        "transform" : [
          0.9999982,
          1.087472e-08,
          0.0018846641,
          0,
          0.00045826155,
          0.96998686,
          -0.24315739,
          0,
          -0.001828163,
          0.24315782,
          0.969985,
          0,
          0.06723577,
          0.69461566,
          0.5533834,
          1
        ]
      },
      {
        "date" : 728260401.550126,
        "title" : "Untitled",
        "transform" : [
          0.52063566,
          1.0875885e-08,
          0.8537791,
          0,
          0.15881296,
          0.9825476,
          -0.096844375,
          0,
          -0.83887845,
          0.18601179,
          0.5115492,
          0,
          -0.49376357,
          0.66025853,
          0.3803956,
          1
        ]
      },
      {
        "date" : 728260371.032443,
        "title" : "Untitled",
        "transform" : [
          0.99800104,
          8.823619e-09,
          0.06319869,
          0,
          0.0035862431,
          0.9983887,
          -0.056632224,
          0,
          -0.063096866,
          0.056745674,
          0.99639285,
          0,
          -0.012414943,
          0.5844324,
          0.62127036,
          1
        ]
      },
      {
        "date" : 728260230.023061,
        "title" : "Untitled",
        "transform" : [
          0.9966778,
          8.857358e-09,
          0.08144633,
          0,
          0.009203176,
          0.99359536,
          -0.11262152,
          0,
          -0.08092469,
          0.112996936,
          0.99029434,
          0,
          -0.022794574,
          0.6177685,
          0.61509615,
          1
        ]
      },
      {
        "date" : 728260206.243586,
        "title" : "Untitled",
        "transform" : [
          0.99729955,
          9.5044115e-09,
          0.073442444,
          0,
          -0.0034411668,
          0.9989017,
          0.04672863,
          0,
          -0.07336178,
          -0.046855167,
          0.9962042,
          0,
          -0.019101076,
          0.522524,
          0.62907976,
          1
        ]
      },
      {
        "date" : 728260143.041568,
        "title" : "Untitled",
        "transform" : [
          0.99539196,
          9.268893e-07,
          0.095889956,
          0,
          0.014739395,
          0.98811424,
          -0.15301289,
          0,
          -0.09475036,
          0.15372112,
          0.983561,
          0,
          -0.019101076,
          0.522524,
          0.62907976,
          1
        ]
      }
    ],
    "BB40FB69-B63C-4E70-A676-82E5E1618A1A" : [
      {
        "date" : 732496621.218322,
        "title" : "Untitled",
        "transform" : [
          1,
          0,
          -0,
          0,
          -0,
          0.8660254,
          -0.5,
          0,
          0,
          0.5,
          0.8660254,
          0,
          0,
          0.6572208,
          1.1383398,
          1
        ]
      },
      {
        "date" : 732496605.585351,
        "title" : "Untitled",
        "transform" : [
          1,
          0,
          -0,
          0,
          -0,
          0.8660254,
          -0.5,
          0,
          0,
          0.5,
          0.8660254,
          0,
          0,
          0.22793953,
          0.3948029,
          1
        ]
      }
    ],
    "BC543EDD-6B63-4F47-A9B7-D615C7BACBA7" : [
      {
        "date" : 734311775.471543,
        "title" : "Untitled",
        "transform" : [
          0.9934785,
          -0.003428668,
          -0.11396799,
          0,
          -0.07436793,
          0.7381856,
          -0.670486,
          0,
          0.0864284,
          0.674589,
          0.7331165,
          0,
          -0.078701526,
          2.1161623,
          2.3195224,
          1
        ]
      },
      {
        "date" : 734311756.577308,
        "title" : "Untitled",
        "transform" : [
          0.9934785,
